4294967279,277
4294967278,302
4294967279,269
4294967294,1473
4294967278,273
4294967293,131
4294967293,130
4294967293,129
4294967293,128
4294967293,127
4294967293,126
4294967293,125
4294967293,124
4294967293,123
4294967293,122
4294967293,121
4294967293,120
4294967293,119
4294967293,118
4294967293,117
4294967293,116
4294967293,115
4294967293,114
4294967293,113
4294967293,112
4294967293,111
4294967293,110
4294967293,109
4294967293,108
4294967293,107
4294967293,106
4294967293,105
4294967293,104
4294967293,103
4294967293,102
4294967293,101
4294967293,100
4294967293,99
4294967293,98
4294967293,97
4294967293,96
4294967293,95
4294967293,94
4294967293,93
4294967293,92
4294967293,91
4294967293,90
4294967293,89
4294967293,88
4294967293,87
4294967293,86
4294967293,85
4294967293,84
4294967293,83
4294967293,82
4294967293,81
4294967293,80
4294967293,79
4294967293,78
4294967293,77
4294967293,76
4294967293,75
4294967293,74
4294967293,73
4294967293,72
4294967293,71
4294967293,70
4294967293,69
4294967293,68
4294967293,67
4294967293,66
4294967293,65
4294967293,64
4294967293,63
4294967293,62
4294967293,61
4294967293,60
4294967293,59
4294967293,58
4294967293,57
4294967293,56
4294967293,55
4294967293,54
4294967293,53
4294967293,52
4294967293,51
4294967293,50
4294967293,49
4294967293,48
4294967293,47
4294967293,46
4294967293,45
4294967293,44
4294967293,43
4294967293,42
4294967293,41
4294967293,40
4294967293,39
4294967293,38
4294967293,37
4294967293,36
4294967293,35
4294967293,34
4294967293,33
4294967293,32
4294967293,31
4294967293,30
4294967293,29
4294967293,28
4294967293,27
4294967293,26
4294967293,25
4294967293,24
4294967293,23
4294967293,22
4294967293,21
4294967293,20
4294967293,19
4294967293,18
4294967293,17
4294967293,16
4294967293,15
4294967293,14
4294967293,13
4294967293,12
4294967293,11
4294967293,10
4294967293,9
4294967293,8
4294967293,7
4294967293,6
4294967293,5
4294967293,4
4294967293,3
4294967293,2
4243767290,0
4243767289,0
4243767288,0
4243767287,0
4243767286,0
4243767285,0
4243767284,0
4243767283,0
4243767282,0
4243767281,0
4294967293,0
4294967279,199
4294967279,84
4294967279,200
4294967279,201
4294967279,85
4294967279,408
4294967279,347
4294967279,86
4294967279,205
4294967279,87
4294967279,572
4294967279,92
4294967279,431
4294967279,202
4294967279,203
4294967279,204
4294967279,89
4294967279,90
4294967279,91
4294967279,396
4294967279,329
4294967279,386
4294967279,206
4294967279,207
4294967279,93
4294967279,228
4294967279,94
4294967279,208
4294967279,446
4294967279,416
4294967279,95
4294967279,209
4294967279,212
4294967279,236
4294967279,96
4294967279,210
4294967279,211
4294967279,447
4294967279,97
4294967279,98
4294967279,215
4294967279,99
4294967279,358
4294967279,397
4294967279,335
4294967279,213
4294967279,214
4294967279,217
4294967279,100
4294967279,104
4294967279,101
4294967279,280
4294967279,102
4294967279,230
4294967279,232
4294967279,399
4294967279,103
4294967279,219
4294967279,221
4294967279,387
4294967279,105
4294967279,106
4294967279,223
4294967279,426
4294967279,107
4294967279,225
4294967279,229
4294967279,349
4294967279,108
4294967279,110
4294967279,442
4294967279,227
4294967279,231
4294967279,109
4294967279,252
4294967279,111
4294967279,394
4294967279,357
4294967279,234
4294967279,233
4294967279,235
4294967279,112
4294967279,238
4294967279,237
4294967279,113
4294967279,418
4294967279,114
4294967279,388
4294967279,115
4294967279,240
4294967279,239
4294967279,241
4294967279,432
4294967279,116
4294967279,117
4294967279,243
4294967279,385
4294967279,245
4294967279,257
4294967279,118
4294967279,119
4294967279,249
4294967279,419
4294967279,247
4294967279,250
4294967279,121
4294967279,251
4294967279,120
4294967279,122
4294967279,123
4294967279,254
4294967279,325
4294967279,574
4294967279,398
4294967279,422
4294967279,255
4294967279,298
4294967279,124
4294967279,125
4294967279,126
4294967279,299
4294967279,332
4294967279,300
4294967279,550
4294967279,128
4294967279,256
4294967279,430
4294967279,127
4294967279,129
4294967279,301
4294967279,440
4294967278,290
4294967279,130
4294967278,391
4294967279,302
4294967279,303
4294967279,131
4294967278,300
4294967279,132
4294967278,4
4294967278,277
4294967278,370
4294967278,400
4294967278,5
4294967278,259
4294967278,258
4294967278,6
4294967278,413
4294967278,262
4294967278,7
4294967278,433
4294967278,261
4294967278,8
4294967278,9
4294967278,431
4294967278,276
4294967278,10
4294967278,264
4294967278,11
4294967278,440
4294967278,265
4294967278,12
4294967278,402
4294967278,279
4294967278,13
4294967278,336
4294967278,266
4294967278,14
4294967278,423
4294967278,267
4294967278,15
4294967278,281
4294967278,137
4294967278,16
4294967278,269
4294967278,17
4294967278,367
4294967278,270
4294967278,18
4294967278,432
4294967278,271
4294967278,19
4294967278,272
4294967278,20
4294967278,393
4294967278,133
4294967278,21
4294967278,399
4294967278,134
4294967278,22
4294967278,381
4294967278,135
4294967278,23
4294967278,405
4294967278,136
4294967278,24
4294967278,285
4294967278,256
4294967278,25
4294967278,354
4294967278,138
4294967278,26
4294967278,289
4294967278,139
4294967278,27
4294967278,443
4294967278,140
4294967278,28
4294967278,385
4294967278,141
4294967278,29
4294967278,142
4294967278,30
4294967278,257
4294967278,143
4294967278,31
4294967278,441
4294967278,144
4294967278,32
4294967278,288
4294967278,145
4294967278,33
4294967278,146
4294967278,34
4294967278,406
4294967278,147
4294967278,35
4294967278,148
4294967278,36
4294967278,383
4294967278,149
4294967278,37
4294967278,327
4294967278,150
4294967278,38
4294967278,362
4294967278,151
4294967278,39
4294967278,407
4294967278,152
4294967278,40
4294967278,355
4294967278,153
4294967278,41
4294967278,438
4294967278,154
4294967278,42
4294967278,426
4294967278,155
4294967278,43
4294967278,392
4294967278,156
4294967278,44
4294967278,403
4294967278,157
4294967278,45
4294967278,263
4294967278,158
4294967278,46
4294967278,160
4294967278,394
4294967278,48
4294967278,159
4294967278,47
4294967278,161
4294967278,324
4294967278,163
4294967278,49
4294967278,164
4294967278,162
4294967278,50
4294967278,51
4294967278,52
4294967278,268
4294967278,348
4294967278,165
4294967278,349
4294967278,166
4294967278,53
4294967278,167
4294967278,54
4294967278,424
4294967278,55
4294967278,170
4294967278,427
4294967278,58
4294967278,168
4294967278,169
4294967278,375
4294967278,56
4294967278,57
4294967278,274
4294967278,171
4294967278,416
4294967278,417
4294967278,59
4294967278,172
4294967278,404
4294967278,60
4294967278,180
4294967278,175
4294967278,444
4294967278,176
4294967278,173
4294967279,415
4294967279,372
4294967279,83
4294967279,393
4294967279,197
4294967279,81
4294967279,80
4294967279,79
4294967279,194
4294967279,343
4294967279,193
4294967279,78
4294967279,77
4294967279,192
4294967279,414
4294967279,437
4294967279,571
4294967279,190
4294967279,73
4294967279,75
4294967279,187
4294967279,72
4294967279,353
4294967279,186
4294967279,70
4294967279,339
4294967279,189
4294967279,184
4294967279,183
4294967279,369
4294967279,439
4294967279,67
4294967279,66
4294967279,181
4294967279,179
4294967279,68
4294967279,529
4294967279,182
4294967279,63
4294967279,424
4294967279,177
4294967279,64
4294967279,428
4294967279,427
4294967279,60
4294967279,59
4294967279,173
4294967279,175
4294967279,403
4294967279,368
4294967279,136
4294967279,56
4294967279,55
4294967279,168
4294967279,57
4294967279,170
4294967279,383
4294967279,53
4294967279,54
4294967279,52
4294967279,336
4294967279,331
4294967279,401
4294967279,51
4294967279,49
4294967279,162
4294967279,409
4294967279,429
4294967279,48
4294967279,47
4294967279,161
4294967279,46
4294967279,159
4294967279,45
4294967279,391
4294967279,44
4294967279,156
4294967279,445
4294967279,155
4294967279,42
4294967279,41
4294967279,153
4294967279,40
4294967279,435
4294967279,380
4294967279,413
4294967279,39
4294967279,36
4294967279,149
4294967279,148
4294967279,384
4294967279,421
4294967279,222
4294967279,34
4294967279,147
4294967279,146
4294967279,420
4294967279,568
4294967279,31
4294967279,30
4294967279,142
4294967279,143
4294967279,433
4294967279,29
4294967279,144
4294967279,258
4294967279,28
4294967279,26
4294967279,216
4294967279,382
4294967279,279
4294967279,25
4294967279,137
4294967279,23
4294967279,306
4294967279,135
4294967279,405
4294967279,242
4294967279,21
4294967279,20
4294967279,276
4294967279,19
4294967279,18
4294967279,17
4294967279,273
4294967279,328
4294967279,272
4294967279,15
4294967279,220
4294967279,270
4294967279,411
4294967279,389
4294967279,443
4294967279,12
4294967279,292
4294967279,267
4294967279,11
4294967279,10
4294967279,9
4294967294,186
4294967294,400
4294967294,29
4294967294,1596
4294967294,1018
4294967294,36
4294967294,38
4294967294,39
4294967294,41
4294967294,43
4294967294,115
4294967294,1181
4294967294,1182
4294967294,44
4294967294,1179
4294967294,389
4294967294,1587
4294967294,1421
4294967294,48
4294967294,49
4294967294,387
4294967294,52
4294967294,53
4294967294,74
4294967294,75
4294967294,77
4294967294,79
4294967294,80
4294967294,170
4294967294,402
4294967294,1025
4294967294,163
4294967294,1045
4294967294,83
4294967294,1022
4294967294,85
4294967294,86
4294967294,88
4294967294,91
4294967294,92
4294967294,98
4294967294,99
4294967294,101
4294967294,103
4294967294,104
4294967294,106
4294967294,107
4294967294,108
4294967294,114
4294967294,111
4294967294,113
4294967294,388
4294967294,117
4294967294,118
4294967294,1498
4294967294,1504
4294967294,394
4294967294,398
4294967294,384
4294967294,1419
4294967294,586
4294967294,426
4294967294,1429
4294967294,392
4294967294,981
4294967294,1026
4294967294,986
4294967294,5
4294967294,18
4294967294,19
4294967294,20
4294967294,12
4294967294,13
4294967294,447
4294967294,1478
4294967294,1674
4294967294,744
4294967294,581
4294967294,1046
4294967294,164
4294967294,183
4294967294,1035
4294967294,471
4294967294,494
4294967294,171
4294967294,173
4294967294,175
4294967294,191
4294967294,1048
4294967294,1049
4294967294,177
4294967294,182
4294967294,184
4294967294,185
4294967294,188
4294967294,59
4294967278,260
128,1
128,5
128,12
128,93
128,95
128,97
128,98
128,100
128,102
128,104
128,106
128,107
128,109
128,110
128,112
128,113
128,115
128,117
128,118
128,120
128,121
128,123
128,125
128,126
128,180
128,182
128,185
128,187
128,190
128,192
128,193
128,195
128,196
128,198
128,200
128,201
128,203
128,204
128,206
128,208
128,209
128,211
128,212
128,214
128,215
128,217
128,219
128,220
128,222
128,223
128,225
128,227
128,228
128,230
128,231
128,233
128,234
128,236
128,238
128,239
128,257
128,259
128,264
128,267
128,269
128,272
128,273
128,276
128,278
128,281
128,284
128,286
128,289
128,291
128,294
128,297
128,299
128,302
128,303
128,307
128,308
128,311
128,313
128,314
128,316
128,317
128,319
4294967294,1482
129,1
129,56
129,715
129,727
129,733
129,734
129,1467
129,1468
129,1470
129,1471
129,1513
129,1515
129,1516
129,1518
129,1519
129,1521
129,1523
4294967294,1588
129,1525
129,1526
129,1528
129,1529
129,1531
129,1533
129,1534
129,1536
129,1537
129,1600
129,1602
129,1603
129,1605
129,1606
129,1608
129,1609
129,1611
129,1613
129,1614
129,1616
129,1617
130,1
130,653
130,654
130,656
130,657
130,659
130,661
130,662
130,664
130,665
130,667
130,905
130,907
130,909
130,910
130,912
130,913
145,3
145,6
146,2
146,5
146,1
147,3
147,5
148,3
149,1
149,3
149,6
150,1
150,4
150,7
151,2
152,1
152,2
153,2
153,3
154,2
155,2
155,3
156,2
156,4
157,3
158,2
158,4
159,2
159,4
160,1
160,3
4294967278,240
4294967278,246
4294967278,283
4294967278,309
4294967278,320
4294967278,328
4294967278,335
4294967278,338
4294967278,340
4294967278,345
4294967278,359
4294967278,361
4294967278,365
4294967278,371
4294967278,372
4294967278,380
4294967278,386
4294967279,133
4294967279,157
4294967279,246
4294967279,284
4294967279,289
4294967279,312
4294967279,326
4294967279,327
4294967279,334
4294967279,337
4294967279,341
4294967279,342
4294967279,348
4294967279,352
4294967279,355
4294967279,360
4294967279,361
4294967279,366
4294967279,373
4294967279,374
4294967279,377
4294967279,378
4294967279,407
4294967279,438
4294967279,518
4294967279,521
4294967279,522
4294967279,533
4294967279,535
4294967279,539
4294967279,547
4294967279,549
4294967279,557
4294967279,558
4294967279,560
4294967279,564
4294967279,567
4294967279,573
4294967294,396
4294967294,427
4294967294,980
4294967294,1177
4294967294,1501
4294967294,1586
4294967294,1050
4294967294,587
4294967294,50
4294967294,1508
4294967294,7
4294967294,1426
4294967294,1557
4294967294,750
4294967294,1686
4294967294,754
4294967294,1481
4294967294,1669
4294967294,1670
4294967294,1672
4294967294,757
4294967294,759
4294967294,758
4294967294,1667
4294967294,1691
4294967294,1699
4294967294,1704
4294967294,1693
4294967294,1701
4294967294,1692
4294967294,1690
4294967294,1556
4294967294,1578
4294967294,1559
4294967294,1575
4294967294,1570
4294967294,1713
4294967294,1901
4294967294,1804
4294967294,1847
4294967294,1889
4294967294,1673
4294967294,1480
4294967294,1563
4294967294,1676
4294967294,30
4294967294,32
4294967294,33
4294967294,35
4294967294,1595
4294967294,966
4294967294,21
4294967294,22
4294967294,10
4294967294,11
4294967279,260
72,1
119,4
119,1
119,13
120,1
121,4
4294967294,1422
122,4
123,4
167,4
167,1
165,1
166,4
124,4
125,4
125,1
144,4
144,1
127,1
128,4
128,9
128,79
128,80
128,186
128,256
129,4
129,14
129,15
129,36
129,147
129,204
129,257
129,258
129,274
129,275
129,277
129,278
129,321
129,323
129,324
129,326
129,327
129,384
129,390
129,448
129,450
129,512
129,576
129,577
129,579
129,581
129,582
129,584
129,585
129,587
129,589
129,590
129,592
129,593
129,595
129,596
129,598
129,600
